
Resp charges for organic molecule                                               

iqopt   irstrnt  ihfree     qwt
  2      1      1        0.001000

 rel.rms   dipole mom       Qxx      Qyy      Qzz
    0.02457   3.18531  76.80962  -6.59503 -70.21459

          Point charges before & after optimization
    NO   At.No.    q0           q(opt)   IVARY  d(rstr)/dq 
     1     6  -0.187476      -0.194143    0    0.004579
     2     1   0.134658       0.127851    0    0.000000
     3     1   0.123610       0.127851    2    0.000000
     4     1   0.119468       0.127851    2    0.000000
     5     8  -0.336656      -0.336656  -99    0.002847
     6     6  -0.034599      -0.052912    0    0.008839
     7     1   0.085709       0.101757    0    0.000000
     8     1   0.131422       0.101757    7    0.000000
     9     6   0.066987       0.179486    0    0.004867
    10     1   0.056965       0.030379    0    0.000000
    11     1   0.076664       0.030379   10    0.000000
    12     8  -0.370131      -0.370131  -99    0.002608
    13     6   0.027262       0.113016    0    0.006627
    14     1   0.083428       0.059477    0    0.000000
    15     1   0.111370       0.059477   14    0.000000
    16     6  -0.018727      -0.077154    0    0.007917
    17     1   0.058010       0.102088    0    0.000000
    18     1   0.102436       0.102088   17    0.000000
    19     7   0.101269       0.101269  -99    0.007026
    20     6  -0.068733      -0.068733  -99    0.008241
    21     1   0.253906       0.253906  -99    0.000000
    22     7   0.101269       0.101269  -99    0.007026
    23     6  -0.203436      -0.203436  -99    0.004411
    24     1   0.277119       0.277119  -99    0.000000
    25     6  -0.203436      -0.203436  -99    0.004411
    26     1   0.277119       0.277119  -99    0.000000
    27     6   0.017141      -0.077154   16    0.007917
    28     1   0.064862       0.102088   17    0.000000
    29     1   0.105775       0.102088   17    0.000000
    30     6  -0.000069       0.113016   13    0.006627
    31     1   0.080863       0.059477   14    0.000000
    32     1   0.099225       0.059477   14    0.000000
    33     8  -0.370131      -0.370131  -99    0.002608
    34     6   0.067003       0.179486    9    0.004867
    35     1   0.046359       0.030379   10    0.000000
    36     1   0.078384       0.030379   10    0.000000
    37     6   0.014100      -0.052912    6    0.008839
    38     1   0.079336       0.101757    7    0.000000
    39     1   0.100734       0.101757    7    0.000000
    40     8  -0.336656      -0.336656  -99    0.002847
    41     6  -0.157353      -0.194143    1    0.004579
    42     1   0.123807       0.127851    2    0.000000
    43     1   0.094582       0.127851    2    0.000000
    44     1   0.126563       0.127851    2    0.000000

        Statistics of the fitting:
  The initial sum of squares (ssvpot)                     96.861
  The residual sum of squares (chipot)                     0.058
  The std err of estimate (sqrt(chipot/N))               0.00235
  ESP relative RMS (SQRT(chipot/ssvpot))                 0.02457

 Dipole Moment (Debye)=   3.18531
