
Resp charges for organic molecule                                               

iqopt   irstrnt  ihfree     qwt
  2      1      1        0.001000

 rel.rms   dipole mom       Qxx      Qyy      Qzz
    0.05717  25.99957  17.29172 -73.21555  55.92384

          Point charges before & after optimization
    NO   At.No.    q0           q(opt)   IVARY  d(rstr)/dq 
     1    53  -0.924106      -0.915227    0    0.001086
     2     6  -0.218621      -0.140948    0    0.005786
     3     1   0.148616       0.107116    0    0.000000
     4     1   0.135873       0.107116    3    0.000000
     5     1   0.112852       0.107116    3    0.000000
     6     8  -0.298767      -0.298767  -99    0.003174
     7     6  -0.068450      -0.082731    0    0.007705
     8     1   0.075021       0.080808    0    0.000000
     9     1   0.134534       0.080808    8    0.000000
    10     6   0.150951       0.334349    0    0.002865
    11     1   0.033498      -0.013606    0    0.000000
    12     1   0.047892      -0.013606   11    0.000000
    13     8  -0.408058      -0.408058  -99    0.002380
    14     6   0.064055       0.056766    0    0.008697
    15     1   0.094259       0.074356    0    0.000000
    16     1   0.086394       0.074356   15    0.000000
    17     6  -0.030461       0.037902    0    0.009351
    18     1   0.049829       0.055624    0    0.000000
    19     1   0.102247       0.055624   18    0.000000
    20     7   0.069207       0.069207  -99    0.008223
    21     6  -0.088294      -0.088294  -99    0.007496
    22     1   0.237793       0.237793  -99    0.000000
    23     7   0.069207       0.069207  -99    0.008223
    24     6  -0.147937      -0.147937  -99    0.005600
    25     1   0.247369       0.247369  -99    0.000000
    26     6  -0.147937      -0.147937  -99    0.005600
    27     1   0.247369       0.247369  -99    0.000000
    28     6   0.124198       0.037902   17    0.009351
    29     1   0.030452       0.055624   18    0.000000
    30     1   0.064591       0.055624   18    0.000000
    31     6  -0.031482       0.056766   14    0.008697
    32     1   0.101309       0.074356   15    0.000000
    33     1   0.084484       0.074356   15    0.000000
    34     8  -0.408058      -0.408058  -99    0.002380
    35     6   0.193426       0.334349   10    0.002865
    36     1   0.001320      -0.013606   11    0.000000
    37     1   0.058518      -0.013606   11    0.000000
    38     6   0.034850      -0.082731    7    0.007705
    39     1   0.055969       0.080808    8    0.000000
    40     1   0.057532       0.080808    8    0.000000
    41     8  -0.298767      -0.298767  -99    0.003174
    42     6  -0.152966      -0.140948    2    0.005786
    43     1   0.118154       0.107116    3    0.000000
    44     1   0.073267       0.107116    3    0.000000
    45     1   0.118869       0.107116    3    0.000000

        Statistics of the fitting:
  The initial sum of squares (ssvpot)                     24.771
  The residual sum of squares (chipot)                     0.081
  The std err of estimate (sqrt(chipot/N))               0.00249
  ESP relative RMS (SQRT(chipot/ssvpot))                 0.05717

 Dipole Moment (Debye)=  25.99957
