
Resp charges for organic molecule                                               

iqopt   irstrnt  ihfree     qwt
  2      1      1        0.001000

 rel.rms   dipole mom       Qxx      Qyy      Qzz
    0.06235  27.75747  66.27554 -86.97149  20.69595

          Point charges before & after optimization
    NO   At.No.    q0           q(opt)   IVARY  d(rstr)/dq 
     1    53  -0.958103      -0.923177    0    0.001077
     2     6  -0.058806      -0.020696    0    0.009793
     3     1   0.094891       0.075104    0    0.000000
     4     1   0.096119       0.075104    3    0.000000
     5     1   0.087906       0.075104    3    0.000000
     6     8  -0.332603      -0.332603  -99    0.002879
     7     6  -0.090861      -0.138400    0    0.005857
     8     1   0.090224       0.109497    0    0.000000
     9     1   0.128553       0.109497    8    0.000000
    10     6   0.128084       0.314057    0    0.003034
    11     1   0.042133      -0.002921    0    0.000000
    12     1   0.050879      -0.002921   11    0.000000
    13     8  -0.384371      -0.384371  -99    0.002518
    14     6   0.060214      -0.052943    0    0.008838
    15     1   0.075127       0.103463    0    0.000000
    16     1   0.092344       0.103463   15    0.000000
    17     6  -0.055613       0.033195    0    0.009491
    18     1   0.055274       0.072358    0    0.000000
    19     1   0.110085       0.072358   18    0.000000
    20     7   0.080890       0.080890  -99    0.007775
    21     6  -0.047409      -0.047409  -99    0.009036
    22     1   0.256780       0.256780  -99    0.000000
    23     7   0.080890       0.080890  -99    0.007775
    24     6  -0.204063      -0.204063  -99    0.004400
    25     1   0.271731       0.271731  -99    0.000000
    26     6  -0.204063      -0.204063  -99    0.004400
    27     1   0.271731       0.271731  -99    0.000000
    28     6   0.100323       0.033195   17    0.009491
    29     1   0.064704       0.072358   18    0.000000
    30     1   0.071088       0.072358   18    0.000000
    31     6  -0.022460      -0.052943   14    0.008838
    32     1   0.096314       0.103463   15    0.000000
    33     1   0.118314       0.103463   15    0.000000
    34     8  -0.384371      -0.384371  -99    0.002518
    35     6   0.039854       0.314057   10    0.003034
    36     1   0.064359      -0.002921   11    0.000000
    37     1   0.085095      -0.002921   11    0.000000
    38     6   0.008321      -0.138400    7    0.005857
    39     1   0.074956       0.109497    8    0.000000
    40     1   0.105423       0.109497    8    0.000000
    41     8  -0.332603      -0.332603  -99    0.002879
    42     6  -0.158223      -0.020696    2    0.009793
    43     1   0.119178       0.075104    3    0.000000
    44     1   0.090384       0.075104    3    0.000000
    45     1   0.121381       0.075104    3    0.000000

        Statistics of the fitting:
  The initial sum of squares (ssvpot)                     25.226
  The residual sum of squares (chipot)                     0.098
  The std err of estimate (sqrt(chipot/N))               0.00272
  ESP relative RMS (SQRT(chipot/ssvpot))                 0.06235

 Dipole Moment (Debye)=  27.75747
