
Resp charges for organic molecule                                               

iqopt   irstrnt  ihfree     qwt
  2      1      1        0.001000

 rel.rms   dipole mom       Qxx      Qyy      Qzz
    0.03059   8.77370 -66.79044  73.51017  -6.71973

          Point charges before & after optimization
    NO   At.No.    q0           q(opt)   IVARY  d(rstr)/dq 
     1     6  -0.160797      -0.182291    0    0.004810
     2     1   0.122270       0.121174    0    0.000000
     3     1   0.127714       0.121174    2    0.000000
     4     1   0.092556       0.121174    2    0.000000
     5     8  -0.331946      -0.331946  -99    0.002884
     6     6  -0.040023      -0.057286    0    0.008677
     7     1   0.110634       0.097628    0    0.000000
     8     1   0.130527       0.097628    7    0.000000
     9     6   0.026721       0.180814    0    0.004839
    10     1   0.098151       0.037618    0    0.000000
    11     1   0.066977       0.037618   10    0.000000
    12     8  -0.389509      -0.389509  -99    0.002487
    13     6   0.035379      -0.028345    0    0.009621
    14     1   0.080966       0.088001    0    0.000000
    15     1   0.081455       0.088001   14    0.000000
    16     6   0.021015       0.077141    0    0.007918
    17     1   0.066958       0.083299    0    0.000000
    18     1   0.103435       0.083299   17    0.000000
    19     7   0.060131       0.060131  -99    0.008570
    20     6  -0.014876      -0.014876  -99    0.009891
    21     1   0.266484       0.266484  -99    0.000000
    22     7   0.060131       0.060131  -99    0.008570
    23     6  -0.225159      -0.225159  -99    0.004059
    24     1   0.294030       0.294030  -99    0.000000
    25     6  -0.225159      -0.225159  -99    0.004059
    26     1   0.294030       0.294030  -99    0.000000
    27     6   0.030523       0.077141   16    0.007918
    28     1   0.093834       0.083299   17    0.000000
    29     1   0.121419       0.083299   17    0.000000
    30     6  -0.011115      -0.028345   13    0.009621
    31     1   0.103650       0.088001   14    0.000000
    32     1   0.084458       0.088001   14    0.000000
    33     8  -0.389509      -0.389509  -99    0.002487
    34     6   0.054446       0.180814    9    0.004839
    35     1   0.045709       0.037618   10    0.000000
    36     1   0.113072       0.037618   10    0.000000
    37     6  -0.035983      -0.057286    6    0.008677
    38     1   0.075748       0.097628    7    0.000000
    39     1   0.120658       0.097628    7    0.000000
    40     8  -0.331946      -0.331946  -99    0.002884
    41     6  -0.215914      -0.182291    1    0.004810
    42     1   0.130569       0.121174    2    0.000000
    43     1   0.136984       0.121174    2    0.000000
    44     1   0.121301       0.121174    2    0.000000

        Statistics of the fitting:
  The initial sum of squares (ssvpot)                     99.613
  The residual sum of squares (chipot)                     0.093
  The std err of estimate (sqrt(chipot/N))               0.00296
  ESP relative RMS (SQRT(chipot/ssvpot))                 0.03059

 Dipole Moment (Debye)=   8.77370
